时间	00:00	00:30	01:00	01:30	02:00	02:30	03:00	03:30	04:00	04:30	05:00	05:30	06:00	06:30	07:00	07:30	08:00	08:30	09:00	09:30	10:00	10:30	11:00	11:30	12:00	12:30	13:00	13:30	14:00	14:30	15:00	15:30	16:00	16:30	17:00	17:30	18:00	18:30	19:00	19:30	20:00	20:30	21:00	21:30	22:00	22:30	23:00	23:30
发文数量	148	33	9	7	3	1	1	0	0	0	1	3	10	2	17	38	100	96	133	149	129	159	187	197	208	90	116	101	106	120	229	168	250	291	320	380	234	235	220	334	593	536	558	510	463	424	291	253	
阅读数	25308	67692	93394	68467	55575	48390	53579	64494	33893	32328	45529	35998	19511	27346	14465	24756	16769	15856	18635	19156	20337	18860	21228	33564	91495	33364	30108	24332	21035	29434	42915	22202	23814	24757	18923	50037	11369	15170	21597	19419	10531	9874	11037	28098	137121	42450	16992	1332	
点赞数	487	1068	3155	1396	1102	789	574	637	1692	2276	2789	291	625	275	162	1578	200	183	269	656	285	340	316	757	397	651	351	386	3039	494	670	17130	274	261	283	438	1032	217	281	2197	408	168	198	444	1488	454	179	6	
阅读数	25308	67692	93394	68467	55575	48390	53579	64494	33893	32328	45529	35998	19511	27346	14465	24756	16769	15856	18635	19156	20337	18860	21228	33564	91495	33364	30108	24332	21035	29434	42915	22202	23814	24757	18923	50037	11369	15170	21597	19419	10531	9874	11037	28098	137121	42450	16992	1332	
时间	00:00	00:30	01:00	01:30	02:00	02:30	03:00	03:30	04:00	04:30	05:00	05:30	06:00	06:30	07:00	07:30	08:00	08:30	09:00	09:30	10:00	10:30	11:00	11:30	12:00	12:30	13:00	13:30	14:00	14:30	15:00	15:30	16:00	16:30	17:00	17:30	18:00	18:30	19:00	19:30	20:00	20:30	21:00	21:30	22:00	22:30	23:00	23:30
发文数量	148	33	9	7	3	1	1	0	0	0	1	3	10	2	17	38	100	96	133	149	129	159	187	197	208	90	116	101	106	120	229	168	250	291	320	380	234	235	220	334	593	536	558	510	463	424	291	253	
平均阅读数	80.554054054054	79.757575757576	0	214	295.33333333333	0	0	0	0	0	90	17.666666666667	307.6	0	693.29411764706	112.60526315789	298.9	333.67708333333	222.96240601504	677.22147651007	381.3488372093	494.80503144654	331.82887700535	145.86802030457	688.12019230769	930.5	130.41379310345	156.49504950495	156.22641509434	138.83333333333	195.96506550218	179.72023809524	208.408	358.87628865979	214.065625	123.85789473684	266.34615384615	86.651063829787	212.05	104.84730538922	184.82799325464	197.88246268657	130.22759856631	141.00784313725	169.02375809935	91.995283018868	164.76632302405	203.54150197628	
点赞数	487	1068	3155	1396	1102	789	574	637	1692	2276	2789	291	625	275	162	1578	200	183	269	656	285	340	316	757	397	651	351	386	3039	494	670	17130	274	261	283	438	1032	217	281	2197	408	168	198	444	1488	454	179	6	
阅读数	25308	67692	93394	68467	55575	48390	53579	64494	33893	32328	45529	35998	19511	27346	14465	24756	16769	15856	18635	19156	20337	18860	21228	33564	91495	33364	30108	24332	21035	29434	42915	22202	23814	24757	18923	50037	11369	15170	21597	19419	10531	9874	11037	28098	137121	42450	16992	1332	
时间	00:00	00:30	01:00	01:30	02:00	02:30	03:00	03:30	04:00	04:30	05:00	05:30	06:00	06:30	07:00	07:30	08:00	08:30	09:00	09:30	10:00	10:30	11:00	11:30	12:00	12:30	13:00	13:30	14:00	14:30	15:00	15:30	16:00	16:30	17:00	17:30	18:00	18:30	19:00	19:30	20:00	20:30	21:00	21:30	22:00	22:30	23:00	23:30
发文数量	148	33	9	7	3	1	1	0	0	0	1	3	10	2	17	38	100	96	133	149	129	159	187	197	208	90	116	101	106	120	229	168	250	291	320	380	234	235	220	334	593	536	558	510	463	424	291	253	
平均阅读数	80.554054054054	79.757575757576	0	214	295.33333333333	0	0	0	0	0	90	17.666666666667	307.6	0	693.29411764706	112.60526315789	298.9	333.67708333333	222.96240601504	677.22147651007	381.3488372093	494.80503144654	331.82887700535	145.86802030457	688.12019230769	930.5	130.41379310345	156.49504950495	156.22641509434	138.83333333333	195.96506550218	179.72023809524	208.408	358.87628865979	214.065625	123.85789473684	266.34615384615	86.651063829787	212.05	104.84730538922	184.82799325464	197.88246268657	130.22759856631	141.00784313725	169.02375809935	91.995283018868	164.76632302405	203.54150197628	
点赞数	487	1068	3155	1396	1102	789	574	637	1692	2276	2789	291	625	275	162	1578	200	183	269	656	285	340	316	757	397	651	351	386	3039	494	670	17130	274	261	283	438	1032	217	281	2197	408	168	198	444	1488	454	179	6	
阅读数	25308	67692	93394	68467	55575	48390	53579	64494	33893	32328	45529	35998	19511	27346	14465	24756	16769	15856	18635	19156	20337	18860	21228	33564	91495	33364	30108	24332	21035	29434	42915	22202	23814	24757	18923	50037	11369	15170	21597	19419	10531	9874	11037	28098	137121	42450	16992	1332	
